[hep.png]
filters=finetune2=1,0.000000,0.000000,0.000000,00888059,0.000000;
moddate=0000ffa0e4d10000
width=600
height=284
textactive=0
